

Vector D:

1 1 0 0 1 0 0 0 
1 1 0 1 1 0 0 0 
1 0 0 0 0 0 1 1 
1 1 1 0 1 0 0 0 
1 0 0 0 0 0 0 1 
0 0 1 0 0 0 0 0 
0 0 0 0 0 1 0 1 

Vector S:

0.333333 0.333333 0.000000 0.000000 0.333333 0.000000 0.000000 0.000000 
0.250000 0.250000 0.000000 0.250000 0.250000 0.000000 0.000000 0.000000 
0.333333 0.000000 0.000000 0.000000 0.000000 0.000000 0.333333 0.333333 
0.250000 0.250000 0.250000 0.000000 0.250000 0.000000 0.000000 0.000000 
0.500000 0.000000 0.000000 0.000000 0.000000 0.000000 0.000000 0.500000 
0.000000 0.000000 1.000000 0.000000 0.000000 0.000000 0.000000 0.000000 
0.000000 0.000000 0.000000 0.000000 0.000000 0.500000 0.000000 0.500000 

Vector S2:

0.200000 0.333333 0.000000 0.000000 0.333333 0.000000 0.000000 0.000000 
0.200000 0.333333 0.000000 1.000000 0.333333 0.000000 0.000000 0.000000 
0.200000 0.000000 0.000000 0.000000 0.000000 0.000000 1.000000 0.333333 
0.200000 0.333333 0.500000 0.000000 0.333333 0.000000 0.000000 0.000000 
0.200000 0.000000 0.000000 0.000000 0.000000 0.000000 0.000000 0.333333 
0.000000 0.000000 0.500000 0.000000 0.000000 0.000000 0.000000 0.000000 
0.000000 0.000000 0.000000 0.000000 0.000000 1.000000 0.000000 0.333333 

Transponsed vector S2:

0.200000 0.200000 0.200000 0.200000 0.200000 0.000000 0.000000 
0.333333 0.333333 0.000000 0.333333 0.000000 0.000000 0.000000 
0.000000 0.000000 0.000000 0.500000 0.000000 0.500000 0.000000 
0.000000 1.000000 0.000000 0.000000 0.000000 0.000000 0.000000 
0.333333 0.333333 0.000000 0.333333 0.000000 0.000000 0.000000 
0.000000 0.000000 0.000000 0.000000 0.000000 0.000000 1.000000 
0.000000 0.000000 1.000000 0.000000 0.000000 0.000000 0.000000 
0.000000 0.000000 0.333333 0.000000 0.333333 0.000000 0.333333 

Vector C:

0.288889 0.288889 0.066667 0.288889 0.066667 0.000000 0.000000 
0.216667 0.466667 0.050000 0.216667 0.050000 0.000000 0.000000 
0.066667 0.066667 0.511111 0.066667 0.177778 0.000000 0.111111 
0.216667 0.216667 0.050000 0.341667 0.050000 0.125000 0.000000 
0.100000 0.100000 0.266667 0.100000 0.266667 0.000000 0.166667 
0.000000 0.000000 0.000000 0.500000 0.000000 0.500000 0.000000 
0.000000 0.000000 0.166667 0.000000 0.166667 0.000000 0.666667 

Vector C2:

0.333333 0.166667 0.050000 0.050000 0.166667 0.000000 0.066667 0.166667 
0.277778 0.277778 0.083333 0.083333 0.277778 0.000000 0.000000 0.000000 
0.125000 0.125000 0.625000 0.000000 0.125000 0.000000 0.000000 0.000000 
0.250000 0.250000 0.000000 0.250000 0.250000 0.000000 0.000000 0.000000 
0.277778 0.277778 0.083333 0.083333 0.277778 0.000000 0.000000 0.000000 
0.000000 0.000000 0.000000 0.000000 0.000000 0.500000 0.000000 0.500000 
0.333333 0.000000 0.000000 0.000000 0.000000 0.000000 0.333333 0.333333 
0.277778 0.000000 0.000000 0.000000 0.000000 0.166667 0.111111 0.444444 

Vector Phi:

0.711111 0.533333 0.488889 0.658333 0.733333 0.500000 0.333333 

Delta value:

0.434524

Phi value:

0.565476

Number of clusters value:

3.041667

Average number of documents in cluster value:

2.301370

Vector collecting abilities:

0.616296 0.995556 0.749630 0.899722 0.391111 0.250000 0.444444 

Vector kernels:

1 3 2 

Clusters:

1 0 
3 5 
2 4 6 


Vector delta:

0.333333 0.277778 0.625000 0.250000 0.277778 0.500000 0.333333 0.444444 

Delta2 value:

0.380208

Frequency of terms in clusters:

2 2 0 1 2 0 0 0 
1 1 2 0 1 0 0 0 
2 0 0 0 0 1 1 3 


Total number of terms:

5 3 2 1 3 1 1 3 

The number of clusters that contain the term:

3 2 1 1 2 1 1 1 

The average frequency of terms in the clusters:

1.666667 1.500000 2.000000 1.000000 1.500000 1.000000 1.000000 3.000000 

Centroids:

1 0 0 0 0 0 0 0 
0 0 1 0 0 0 0 0 
1 0 0 0 0 1 0 1 




Vector D:

1 0 0 0 
0 1 0 0 
1 0 1 1 

Vector S:

1.000000 0.000000 0.000000 0.000000 
0.000000 1.000000 0.000000 0.000000 
0.333333 0.000000 0.333333 0.333333 

Vector S2:

0.500000 0.000000 0.000000 0.000000 
0.000000 1.000000 0.000000 0.000000 
0.500000 0.000000 1.000000 1.000000 

Transponsed vector S2:

0.500000 0.000000 0.500000 
0.000000 1.000000 0.000000 
0.000000 0.000000 1.000000 
0.000000 0.000000 1.000000 

Vector C:

0.500000 0.000000 0.500000 
0.000000 1.000000 0.000000 
0.166667 0.000000 0.833333 

Vector C2:

0.666667 0.000000 0.166667 0.166667 
0.000000 1.000000 0.000000 0.000000 
0.333333 0.000000 0.333333 0.333333 
0.333333 0.000000 0.333333 0.333333 

Vector Phi:

0.500000 0.000000 0.166667 

Delta value:

0.777778

Phi value:

0.222222

Number of clusters value:

2.333333

Average number of documents in cluster value:

1.285714

Vector collecting abilities:

0.250000 0.000000 0.416667 

Vector kernels:

2 0 

Clusters:

2 1 
0 


Vector delta:

0.666667 1.000000 0.333333 0.333333 

Delta2 value:

0.583333

Frequency of terms in clusters:

1 1 1 1 
1 0 0 0 


Total number of terms:

2 1 1 1 

The number of clusters that contain the term:

2 1 1 1 

The average frequency of terms in the clusters:

1.000000 1.000000 1.000000 1.000000 

Centroids:

1 1 0 0 
1 0 0 0 




Vector D:

1 1 
1 0 

Vector S:

0.500000 0.500000 
1.000000 0.000000 

Vector S2:

0.500000 1.000000 
0.500000 0.000000 

Transponsed vector S2:

0.500000 0.500000 
1.000000 0.000000 

Vector C:

0.750000 0.250000 
0.500000 0.500000 

Vector C2:

0.750000 0.250000 
0.500000 0.500000 

Vector Phi:

0.250000 0.500000 

Delta value:

0.625000

Phi value:

0.375000

Number of clusters value:

1.250000

Average number of documents in cluster value:

1.600000

Vector collecting abilities:

0.375000 0.250000 

Vector kernels:

0 

Clusters:

0 1 


Vector delta:

0.750000 0.500000 

Delta2 value:

0.625000

Frequency of terms in clusters:

2 1 


Total number of terms:

2 1 

The number of clusters that contain the term:

1 1 

The average frequency of terms in the clusters:

2.000000 1.000000 

Centroids:

1 0 




Summ of Elements of centroid '0':

1

Vector of summ of terms in vector D:

1 

Vector DG:

1 0 


Vector SD:

1.000000 

Max value SD:

1.000000